0.400272
0.425415
0.444674
0.430953
0.438711
0.422332
0.443786
0.446747
0.433781
0.408397
0.387129
0.384804
0.381313
0.376736
0.397493
0.398209
0.417456
0.372647
0.388622
0.419676
0.455692
0.408673
0.325111
0.310118
0.324265
0.300312
0.296523
0.300582
0.299022
0.302092
0.302275
0.304628
0.308173
0.303232
0.304735
0.309490
0.294320
0.297422
0.296865
0.298541
0.289838
0.302224
0.321114
0.323844
0.322277
0.328678
0.331871
0.337062
0.335476
0.327157
0.320998
0.328841
0.326160
0.326386
0.330664
0.354828
0.349425
0.358307
0.361143
0.354406
0.361837
0.332685
0.342286
0.351309
0.312805
0.309195
0.310730
0.307655
0.309269
0.312383
0.305421
0.303808
0.309446
0.312396
0.311343
0.311342
0.319960
0.319346
0.316756
0.317716
0.320387
0.315066
0.312733
0.313870
0.310611
0.311138
0.313175
0.314266
0.309751
0.315044
0.317192
0.316674
0.305095
0.312021
0.314857
0.316911
0.315066
0.313115
0.319677
0.327779
0.300708
0.332942
0.321314
0.321449
0.332869
0.323572
0.321427
0.303084
0.301571
0.301602
0.302129
0.304017
0.305429
0.302569
0.310034
0.311253
0.311578
0.291668
0.290691
0.299430
0.299763
0.302580
0.310429
0.308326
0.310839
0.320704
0.289425
0.295060
0.309360
0.314854
0.317260
0.317859
0.316416
0.319566
0.321078
0.321179
0.331220
0.325702
0.329196
0.329690
0.326946
0.333912
0.318354
0.328662
0.333004
0.331284
0.371464
0.365886
0.364420
0.368854
0.354750
0.356347
0.359753
0.374505
0.365675
0.352512
0.371051
0.365248
0.378346
0.341807
0.379106
0.379991
0.408439
0.372398
0.363045
0.358885
0.376756
0.347361
0.355060
0.329022
0.288101
0.285911
0.288699
0.299972
0.307660
0.300671
0.303100
0.313485
0.306451
0.302440
0.310837
0.337083
0.352353
0.348534
0.368598
0.372162
0.362557
0.380538
0.391862
0.360313
0.353977
0.375553
0.374511
0.407844
0.425209
0.447948
0.436492
0.480279
0.510127
0.493419
0.472323
0.479232
0.472378
0.508372
0.516663
0.507833
0.506895
0.500300
0.492847
0.536640
0.549319
0.497102
0.461444
0.455225
0.458899
0.456506
0.448620
0.445268
0.441968
0.461598
0.457169
0.459176
0.456961
0.455780
0.461505
0.453070
0.456089
0.458863
0.453936
0.457344
0.467653
0.469701
0.448066
0.401654
0.418573
0.416294
0.379313
0.461497
0.479151
0.490604
0.484018
0.490268
0.519354
0.527530
0.528892
0.517220
0.577145
0.583511
0.568045
0.539412
0.543030
0.516478
0.520288
0.487622
0.570614
0.575220
0.565468
0.452836
0.326441
0.320324
0.271452
0.281545
0.281723
0.277006
0.281184
0.270783
0.263166
0.270167
0.280237
0.278661
0.291119
0.301431
0.283500
0.331465
0.335184
0.343137
0.347323
0.335313
0.335474
0.344546
0.350833
0.337527
0.323643
0.328162
0.327650
0.327390
0.319573
0.334434
0.318219
0.344451
0.327363
0.363027
0.292808
0.282034
0.276797
0.278738
0.297572
0.300604
0.321122
0.346167
0.333771
0.380875
0.413776
0.433886
0.428580
0.441039
0.430397
0.447016
0.435562
0.445892
0.453469
0.456606
0.454599
0.449623
0.459447
0.455842
0.445559
0.449121
0.455002
0.446219
0.476485
0.487577
0.505118
0.481301
0.446413
0.439095
0.438561
0.436514
0.449882
0.445127
0.473855
0.477291
0.492319
0.478617
0.480579
0.490422
0.485584
0.486259
0.461606
0.465944
0.454112
0.448354
0.470330
0.455551
0.482381
0.477106
0.491773
0.487309
0.535091
0.539228
0.549738
0.538614
0.528820
0.535536
0.537106
0.560062
0.535435
0.562845
0.602136
0.586198
0.659514
0.674778
0.677586
0.675313
0.677901
0.661898
0.692466
0.643412
0.623462
0.612893
0.603452
0.603769
0.556084
0.608368
0.612040
0.610118
0.632924
0.599207
0.648634
0.682151
0.700441
0.677258
0.680759
0.665400
0.713388
0.695920
0.738938
0.744701
0.698085
0.685772
0.756578
0.803212
0.813393
0.833086
0.871214
0.904235
0.895562
0.881536
0.858980
0.839355
0.838355
0.871404
0.864399
0.812063
0.851139
0.801774
0.932771
0.876012
0.866578
0.866820
0.925021
0.791172
0.712059
0.657052
0.664890
0.682296
0.634883
0.637380
0.630093
0.538657
0.492568
0.492134
0.501201
0.488227
0.476851
0.494781
0.501950
0.554569
0.501533
0.486067
0.513854
0.510617
0.513268
0.577767
0.577511
0.599026
0.642683
0.638632
0.646214
0.663111
0.693145
0.713055
0.736759
0.672126
0.634466
0.687745
0.699063
0.702913
0.789569
0.798451
0.832127
0.795765
0.854872
0.826122
0.872508
0.924378
0.954448
1.01
0.906008
0.908786
0.926638
0.904131
0.944697
0.959302
0.943704
0.951977
0.997659
0.934176
1.01
1.08
1.14
1.12
1.20
1.14
1.14
1.14
1.03
1.08
1.01
1.07
0.947251
0.797140
0.729252
0.774576
0.705121
0.825943
0.913418
0.891992
0.960642
1.16
1.13
1.33
1.40
1.22
1.22
1.31
1.36
1.35
1.35
1.39
1.58
1.56
1.58
1.31
1.18
1.68
1.86
2.02
2.05
1.94
1.98
2.13
2.44
3.36
3.09
3.02
3.30
3.12
2.46
2.37
2.30
2.10
2.20
1.44
1.39
1.18
1.12
1.05
1.18
1.17
1.17
0.782515
0.787171
0.777447
0.728036
0.754125
0.755493
0.861760
0.470648
0.372689
0.252258
0.236574
0.245548
0.252162
0.223636
0.232623
0.245416
0.253598
0.252919
0.255530
0.255656
0.250352
0.246433
0.297867
0.254037
0.248305
0.252914
0.244178
0.242851
0.238991
0.232642
0.237978
0.231336
0.228140
0.226547
0.224768
0.212655
0.208937
0.203679
0.197472
0.210214
0.205948
0.218256
0.217911
0.210675
0.205103
0.201967
0.203274
0.208083
0.206205
0.194596
0.200247
0.202405
0.203076
0.201358
0.202592
0.203668
0.204444
0.207113
0.195567
0.203504
0.210958
0.210189
0.215086
0.218229
0.231216
0.256098
0.263386
0.257537
0.261150
0.248285
0.265046
0.260658
0.252825
0.278758
0.238312
0.233963
0.237726
0.215583
0.203218
0.203209
0.206077
0.197622
0.193824
0.196105
0.202532
0.185297
0.181968
0.175519
0.178175
0.173371
0.171567
0.180981
0.183710
0.189819
0.178309
0.178377
0.181925
0.165035
0.200427
0.209630
0.214860
0.212513
0.209606
0.211293
0.223615
0.226382
0.214951
0.205110
0.228781
0.227229
0.249348
0.255803
0.227558
0.218871
0.224026
0.203425
0.212617
0.218256
0.217200
0.252371
0.240987
0.194971
0.158410
0.154569
0.159553
0.157117
0.160787
0.161238
0.169790
0.168376
0.173545
0.179221
0.180175
0.183168
0.192527
0.179602
0.179716
0.185398
0.173865
0.174555
0.173218
0.177531
0.168024
0.165050
0.169494
0.165218
0.173211
0.175210
0.177582
0.192280
0.194979
0.193568
0.182168
0.189430
0.170017
0.188498
0.179668
0.150146
0.169480
0.190976
0.200819
0.205873
0.184198
0.196415
0.234067
0.236884
0.239741
0.254858
0.256374
0.255125
0.259841
0.258977
0.254512
0.262855
0.266060
0.280565
0.275391
0.277288
0.298770
0.310816
0.319188
0.297718
0.299886
0.324623
0.292194
0.283977
0.268085
0.262358
0.259473
0.278196
0.265823
0.253823
0.273075
0.259445
0.285806
0.289695
0.280902
0.284677
0.294028
0.299862
0.298386
0.300460
0.333645
0.243946
0.205360
0.232191
0.227189
0.212887
0.272697
0.245083
0.291834
0.325054
0.313347
0.338403
0.353164
0.328631
0.363505
0.394931
0.355124
0.269824
0.220069
0.215179
0.206697
0.182760
0.185035
0.158471
0.199198
0.141620
0.101929
0.093429
0.080229
0.061062
0.053905
0.054646
0.051580
0.052807
0.044558
0.034843
0.032827
0.032390
0.031409
0.031236
0.031878
0.033122
0.029727
0.030259
0.033181
0.033638
0.033400
0.033880
0.033528
0.034262
0.034459
0.033002
0.033677
0.034123
0.035799
0.036355
0.032740
0.035672
0.037386
0.033032
0.060291
0.021938
0.021743
0.013049
0.010125
0.009526
0.009568
0.009482
0.009159
0.010502
0.010528
0.007284
0.006908
0.006996
0.006915
0.006736
0.006137
0.006406
0.006319
0.006370
0.006346
0.006271
0.006214
0.006229
0.006503
0.006485
0.006551
0.006057
0.006129
0.006290
0.006354
0.005988
0.005419
0.005525
0.005608
0.005665
0.005664
0.005700
0.005883
0.005856
0.005849
0.005871
0.005879
0.005589
0.005949
0.005939
0.006138
0.006279
0.006240
0.006267
0.006328
0.006290
0.006367
0.006433
0.006407
0.006437
0.006439
0.006494
0.006487
0.006466
0.006540
0.006311
0.006390
0.006402
0.006356
0.006409
0.006686
0.006511
0.006527
0.006708
0.006718
0.006706
0.006694
0.007032
0.006713
0.006790
0.006772
0.006747
0.006867
0.006610
0.006434
0.006417
0.006708
0.006157
0.006239
0.006383
0.006351
0.006197
0.006572
0.006385
0.006290
0.006386
0.006523
0.006417
0.006352
0.006180
0.006193
0.006326
0.006443
0.006350
0.006275
0.006362
0.006452
0.006498
0.006540
0.006582
0.006541
0.006704
0.006662
0.006699
0.006704
0.006780
0.006744
0.006816
0.007138
0.007091
0.006849
0.006653
0.006435
0.006525
0.006592
0.006712
0.006707
0.006723
0.006779
0.007009
0.007082
0.007385
0.006895
0.006948
0.007062
0.007434
0.007567
0.007649
0.007799
0.007778
0.007722
0.007851
0.007888
0.008099
0.008255
0.008039
0.008061
0.008131
0.008081
0.008205
0.008111
0.008197
0.008230
0.008157
0.008015
0.008221
0.008104
0.008197
0.008014
0.007738
0.008157
0.008483
0.008833
0.008884
0.009065
0.009432
0.008977
0.009027
0.009090
0.008636
0.008348
0.008032
0.008079
0.008137
0.008769
0.007980
0.007951
0.008208
0.007993
0.007542
0.007310
0.007371
0.007377
0.007429
0.007873
0.008115
0.008165
0.008197
0.008839
0.008910
0.009065
0.008220
0.007959
0.007872
0.007356
0.007234
0.006848
0.006833
0.006809
0.006865
0.006855
0.007017
0.007391
0.008286
0.005969
0.005888
0.005899
0.005844
0.005866
0.005872
0.005901
0.005892
0.005915
0.005933
0.005948
0.005964
0.005967
0.005979
0.006013
0.006036
0.006120
0.005961
0.005974
0.006018
0.006083
0.006049
0.006015
0.006002
0.006055
0.006116
0.006126
0.006120
0.006100
0.006144
0.006045
0.005993
0.006092
0.006119
0.006188
0.006196
0.006147
0.006027
0.006160
0.006337
0.006448
0.005821
0.005646
0.005688
0.005911
0.005942
0.006118
0.006112
0.005974
0.005973
0.005996
0.006246
0.006293
0.006328
0.006303
0.006417
0.006390
0.006404
0.006479
0.006538
0.006571
0.006442
0.006388
0.006408
0.006350
0.006534
0.006671
0.006672
0.006717
0.006609
0.006689
0.006716
0.007029
0.006621
0.006714
0.006788
0.006651
0.006778
0.006775
0.006407
0.006402
0.006409
0.006427
0.006380
0.006519
0.006179
0.006630
0.006818
0.006585
0.006693
0.006681
0.006889
0.007093
0.005828
0.005852
0.005766
0.005737
0.005785
0.005769
0.005780
0.005764
0.005795