[
    0.2634,
    0.2641,
    0.2631,
    0.2624,
    0.2621,
    0.2623,
    0.2631,
    0.2648,
    0.2637,
    0.264,
    0.265,
    0.2658,
    0.2667,
    0.2658,
    0.2652,
    0.2659,
    0.2662,
    0.2664,
    0.2671,
    0.2673,
    0.2678,
    0.2675,
    0.2663,
    0.2662,
    0.2648,
    0.2647,
    0.2638,
    0.2643,
    0.2651,
    0.2646,
    0.2647,
    0.2643,
    0.2664,
    0.2668,
    0.2653,
    0.2659,
    0.265,
    0.2655,
    0.265,
    0.2647,
    0.2646,
    0.2644,
    0.2642,
    0.2651,
    0.2639,
    0.2637,
    0.2631,
    0.2628,
    0.263,
    0.2634,
    0.2626,
    0.2647,
    0.2637,
    0.2647,
    0.2652,
    0.2648,
    0.2642,
    0.2637,
    0.2636,
    0.2642,
    0.2643,
    0.2635,
    0.2643,
    0.2632,
    0.2631,
    0.2629,
    0.2634,
    0.2626,
    0.2616,
    0.2619,
    0.262,
    0.2638,
    0.2624,
    0.2626,
    0.2629,
    0.2628,
    0.2634,
    0.2633,
    0.264,
    0.2633,
    0.2643,
    0.2642,
    0.2648,
    0.2644,
    0.2657,
    0.2648,
    0.2667,
    0.2658,
    0.2668,
    0.2655,
    0.2644,
    0.2652,
    0.2651,
    0.265,
    0.2648,
    0.265,
    0.2652,
    0.2656,
    0.266,
    0.2661,
    0.2662,
    0.2656,
    0.2653,
    0.2654,
    0.2661,
    0.2662,
    0.2661,
    0.2656,
    0.2659,
    0.2655,
    0.268,
    0.2685,
    0.2688,
    0.269,
    0.2686,
    0.2683,
    0.268,
    0.2668,
    0.2681,
    0.2676,
    0.2684,
    0.2686,
    0.2679,
    0.2687,
    0.2676,
    0.2673,
    0.2664,
    0.2663,
    0.2664,
    0.2668,
    0.2677,
    0.2668,
    0.2662,
    0.265,
    0.2654,
    0.2655,
    0.2661,
    0.2655,
    0.2651,
    0.2658,
    0.2666,
    0.2654,
    0.266,
    0.2654,
    0.2646,
    0.2647,
    0.2643,
    0.2644,
    0.2643,
    0.2646,
    0.2647,
    0.2651,
    0.2652,
    0.2655,
    0.2649,
    0.2647,
    0.2649,
    0.2647,
    0.2653,
    0.264,
    0.2627,
    0.2623,
    0.2622,
    0.2621,
    0.2622,
    0.2631,
    0.264,
    0.2639,
    0.2636,
    0.2627,
    0.2623,
    0.2629,
    0.2632,
    0.2621,
    0.2611,
    0.2616,
    0.2609,
    0.2608,
    0.2606,
    0.2605,
    0.2606,
    0.2607,
    0.2608,
    0.2606,
    0.2608,
    0.2607,
    0.2611,
    0.2605,
    0.2601,
    0.26,
    0.2596,
    0.2595,
    0.2593,
    0.2596,
    0.2594,
    0.26,
    0.2595,
    0.259,
    0.2588,
    0.2585,
    0.258,
    0.257,
    0.2567,
    0.2571,
    0.257,
    0.2566,
    0.2562,
    0.2564,
    0.2562,
    0.2565,
    0.2564,
    0.2566,
    0.2568,
    0.2569,
    0.2566,
    0.2565,
    0.256,
    0.2561,
    0.256,
    0.2562,
    0.2561,
    0.2563,
    0.2565,
    0.2563,
    0.2565,
    0.2566,
    0.2573,
    0.2579,
    0.2591,
    0.2584,
    0.259,
    0.2589,
    0.259,
    0.2589,
    0.259,
    0.2593,
    0.2603,
    0.2611,
    0.2592,
    0.2603,
    0.2604,
    0.2598,
    0.2605,
    0.2601,
    0.2615,
    0.2613,
    0.2611,
    0.2606,
    0.2609,
    0.2611,
    0.2602,
    0.2605,
    0.2611,
    0.2601,
    0.2613,
    0.2612,
    0.2613,
    0.261,
    0.2607,
    0.2608,
    0.2606,
    0.2609,
    0.261,
    0.2612,
    0.2613,
    0.2614,
    0.2623,
    0.2629,
    0.2621,
    0.2622,
    0.2624,
    0.2622,
    0.2616,
    0.2613,
    0.261,
    0.2627,
    0.262,
    0.2613,
    0.2612,
    0.261,
    0.2609,
    0.2607,
    0.261,
    0.2609,
    0.2612,
    0.2608,
    0.2606,
    0.261,
    0.2603,
    0.2594,
    0.2596,
    0.2598,
    0.26,
    0.2594,
    0.2593,
    0.2592,
    0.2594,
    0.2585,
    0.2586,
    0.2591,
    0.2588,
    0.2591,
    0.2611,
    0.2597,
    0.2602,
    0.2618,
    0.2621,
    0.2623,
    0.2612,
    0.2623,
    0.2619,
    0.2625,
    0.2618,
    0.2627,
    0.2618,
    0.2617,
    0.2612,
    0.2616,
    0.2611,
    0.2612,
    0.2613,
    0.2614,
    0.2613,
    0.2614,
    0.2612,
    0.2607,
    0.2618,
    0.2612,
    0.261
]
